1
    1 16176 16176   24 2002    1   00
 2940 -5185  02BA003 2970-5185
0.239
9.78
9.49
9.17
8.93
8.53
8.20
8.07
7.93
7.75
7.55
7.15
6.84
6.48
6.15
5.88
5.74
5.59
5.45
5.35
5.18
5.02
4.84
4.65
4.50
4.40
4.28
4.16
4.06
3.97
3.90
3.79
3.72
3.67
3.61
3.55
3.53
3.48
3.42
3.39
3.30
3.27
3.25
3.23
3.20
3.16
3.13
3.11
3.09
3.08
3.07
3.03
3.01
3.00
2.99
2.95
2.94
2.91
2.89
2.89
2.88
2.86
2.84
2.82
2.81
2.80
2.80
2.78
2.77
2.76
2.74
2.73
2.73
2.72
2.72
2.72
2.72
2.72
2.74
2.75
2.75
2.74
2.74
2.73
2.74
2.75
2.76
2.77
2.78
2.79
2.79
2.80
2.80
2.81
2.81
2.80
2.81
2.83
2.84
2.94
3.30
4.03
6.81
14.60
28.80
50.00
80.00
79.60
70.20
62.20
55.40
47.50
41.30
48.40
80.00
58.10
47.50
40.50
35.80
33.10
32.00
30.50
28.90
29.60
31.50
30.00
29.10
28.20
34.60
47.10
40.10
36.20
34.60
35.70
35.20
33.60
31.40
28.50
25.90
23.90
22.20
20.80
20.00
19.30
18.10
17.50
17.70
17.90
19.60
23.90
29.80
26.40
22.60
20.10
18.30
17.20
16.00
15.50
15.50
14.80
17.20
36.30
56.00
42.30
35.50
32.40
30.60
28.60
25.60
22.90
23.40
22.20
19.50
19.60
19.00
18.40
19.00
21.60
23.00
22.60
21.50
20.40
19.10
18.00
17.00
15.80
14.90
13.90
12.80
12.00
11.10
10.10
8.33
7.99
7.64
7.55
7.35
7.15
6.61
6.05
5.70
5.57
5.47
5.59
5.93
5.58
6.82
7.44
7.05
7.44
8.97
7.85
9.35
11.70
10.20
9.01
8.04
7.13
6.53
6.01
5.63
5.26
4.95
4.69
4.46
4.29
4.31
4.93
5.13
6.47
6.14
5.51
5.03
4.78
4.51
4.32
4.11
3.91
3.65
3.48
3.38
3.40
3.33
3.19
3.08
3.38
3.78
3.65
3.42
3.23
3.10
3.06
3.75
5.60
5.33
4.66
4.22
4.12
4.21
4.41
4.55
4.73
5.32
8.38
9.04
8.07
7.36
6.73
8.27
8.64
8.03
8.27
8.53
8.33
8.21
7.16
17.70
54.30
49.00
62.90
53.10
46.60
45.10
40.30
35.90
45.50
43.70
37.90
33.40
29.90
27.20
24.80
23.30
21.90
20.30
18.80
17.70
16.90
18.70
21.90
20.20
19.10
23.90
22.10
19.20
17.60
16.10
15.30
14.60
14.60
13.10
13.50
12.10
13.20
12.20
9.97
9.91
10.50
9.39
8.79
8.67
8.67
8.98
9.50
9.56
9.13
8.82
8.61
8.38
8.01
7.39
7.10
7.45
7.56
7.04
6.55
6.28
6.09
6.07
6.04
6.00
5.98
5.96
5.72
5.76
5.80
5.79
5.78
5.76
5.61
5.48
5.39
5.61
7.33
8.26
8.05
7.86
7.73
7.56
7.37
7.11
6.93
6.73
6.57
6.66
5.92
5.64
5.40
5.25
5.17
5.16
5.11
5.00
4.99
4.98
4.95
4.90
4.86
4.83
4.75
4.72
4.68
4.64
4.61
4.60
4.55
4.52
4.48
4.46
4.44
4.41
4.37
4.32
4.29
4.27
4.25
4.21
4.18
4.13
4.11
4.08
4.05
4.01
3.98
3.94
3.90
3.86
3.81
3.78
3.73
3.67
3.63
3.60
3.57
3.54
3.50
3.46
3.42
3.38
3.34
3.30
3.26
3.22
3.18
3.12
3.08
3.03
3.00
2.96
2.93
2.89
2.86
2.84
2.82
2.80
2.77
2.75
2.73
2.70
2.69
2.67
2.66
2.64
2.63
2.61
2.59
2.57
2.89
3.40
4.15
4.50
4.20
3.90
3.67
3.68
3.77
3.82
3.79
3.72
3.65
3.53
3.49
3.46
3.45
3.46
3.49
4.30
5.08
5.80
13.00
15.00
12.80
11.00
12.60
58.30
135.00
99.30
77.60
77.30
74.70
65.80
60.20
62.70
63.20
58.80
56.30
52.00
48.10
46.50
47.60
50.50
50.30
47.10
43.20
40.30
42.10
74.00
74.90
64.30
57.40
52.20
46.90
41.90
37.50
73.60
65.20
51.90
44.10
38.80
33.90
29.90
26.70
24.20
22.90
21.50
19.60
18.00
16.40
15.10
13.90
12.80
11.90
10.90
10.20
9.71
9.24
8.87
8.52
8.22
7.92
7.74
7.60
7.44
7.32
7.18
7.03
6.90
6.68
6.49
6.37
6.27
6.09
5.91
5.37
5.44
5.64
5.70
5.66
5.86
6.58
6.15
5.47
5.22
5.25
5.31
5.34
5.34
5.42
5.49
5.36
5.14
6.42
7.91
8.74
7.83
7.05
6.60
6.35
6.13
5.92
5.65
5.43
5.51
5.48
5.56
5.50
5.46
5.19
7.58
9.74
9.16
9.02
8.82
8.73
8.48
7.43
6.48
5.74
5.41
5.29
5.19
5.13
5.00
5.31
5.59
5.58
5.58
5.70
5.79
5.57
5.23
5.53
5.55
5.38
5.08
5.06
5.18
5.22
5.19
5.11
5.05
5.01
4.94
4.86
4.78
4.74
4.70
4.65
4.59
4.51
4.48
4.41
4.37
4.56
5.03
5.27
5.70
5.82
6.05
6.15
6.57
7.22
8.36
8.85
32.40
40.40
32.10
27.50
27.40
25.00
32.70
34.10
29.00
24.80
22.10
20.00
18.10
16.50
15.20
14.80
15.50
15.00
14.10
13.20
12.50
12.00
11.60
11.30
11.00
10.90
10.90
11.00
14.10
14.60
13.80
13.10
12.90
12.60
12.40
12.40
12.10
11.50
10.80
10.10
9.53
7.77
6.78
6.71
9.80
10.30
9.34
8.58
8.54
8.02
8.51
8.60
20.30
34.30
29.50
24.80
19.80
16.70
14.00
13.90
14.10
13.40
13.40
13.20
12.40
11.10
9.76
9.00
8.90
8.75
8.50
7.70
7.80
7.85
7.45
7.00
6.75
6.68
6.62
6.50
6.45
6.32
6.24
6.10
6.00
5.87
5.74
5.61
5.48
5.30
5.20
5.10
5.70
6.40
6.10
5.90
5.65
5.50
5.35
5.20
5.12
5.04
4.95
4.87
4.78
4.65
4.58
4.53
4.47
4.40
4.34
4.31
4.28
4.26
4.23
4.20
4.18
4.16
4.14
4.12
4.10
4.07
4.05
4.02
4.00
3.98
3.95
3.92
3.89
3.86
3.83
3.80
3.77
3.75
3.72
3.70
3.68
3.66
3.63
3.60
3.58
3.56
3.54
3.51
3.49
3.47
3.45
3.44
3.43
3.42
3.41
3.40
3.39
3.38
3.39
3.40
3.52
3.73
3.72
3.62
3.52
3.46
3.45
3.43
3.42
3.40
3.50
3.55
3.51
3.62
3.77
3.78
3.81
3.82
3.80
3.78
3.67
3.51
3.40
3.40
3.48
4.27
4.76
5.32
56.20
59.00
44.80
38.20
36.60
39.90
36.60
32.70
31.90
31.50
36.80
37.20
33.10
29.40
26.80
27.10
29.40
31.70
55.10
77.20
85.30
160.00
113.00
85.90
74.80
65.80
57.30
51.50
47.30
44.60
41.30
44.50
44.70
42.40
38.70
35.30
33.00
31.70
33.50
33.90
31.40
30.20
31.00
30.00
28.50
32.90
44.80
51.00
44.30
54.90
74.20
58.20
48.50
43.00
38.00
34.00
30.30
27.90
27.00
28.80
30.70
27.40
24.70
22.70
21.10
19.60
18.20
16.80
15.80
15.20
15.00
17.30
17.60
15.90
14.80
13.90
13.20
12.80
12.40
12.00
11.90
11.20
10.40
9.70
9.25
8.91
8.57
8.67
9.58
10.00
9.56
8.96
9.99
10.20
10.40
10.10
9.61
9.77
10.80
10.60
10.00
13.00
13.00
11.20
9.73
8.88
8.27
7.93
7.44
6.98
6.64
7.04
6.27
5.74
5.50
5.31
5.06
4.80
4.55
4.44
4.36
4.32
4.22
4.17
4.30
4.41
4.32
4.14
3.94
3.71
3.60
3.43
3.28
3.28
4.31
5.69
5.80
5.24
4.69
4.43
4.28
4.21
4.55
6.03
6.27
6.55
6.77
7.44
7.84
11.80
22.00
46.10
36.90
31.00
26.80
24.30
21.20
18.20
15.80
14.10
12.80
39.00
61.00
43.60
32.10
25.50
22.20
21.90
20.70
18.80
35.50
136.00
99.80
75.40
67.60
59.30
50.70
45.30
41.40
36.60
31.80
27.80
24.50
23.20
20.20
17.40
16.70
29.90
30.40
27.70
25.60
23.10
21.10
20.00
48.30
66.70
52.30
41.20
34.70
30.20
27.40
28.50
42.50
40.50
34.90
31.10
30.70
33.00
68.70
96.60
78.70
66.70
59.90
53.60
48.80
64.20
75.30
64.20
54.80
48.10
43.70
40.70
37.50
35.00
32.40
29.60
28.00
26.60
24.70
22.70
21.40
20.30
19.50
19.00
18.90
18.40
17.80
17.80
17.30
16.90
16.30
14.10
10.70
12.80
13.60
12.70
12.30
11.70
8.80
7.55
8.70
10.40
10.10
9.75
9.40
9.20
8.98
8.80
8.60
8.40
8.20
8.00
7.90
7.80
7.65
7.55
7.45
7.37
7.29
7.20
7.10
7.00
6.92
6.85
6.77
6.70
6.65
6.60
6.55
6.50
6.44
6.38
6.33
6.28
6.23
6.18
6.13
6.08
6.03
5.99
5.94
5.90
5.87
5.85
5.83
5.82
5.80
5.79
5.77
5.74
5.71
5.68
5.65
5.60
5.50
5.43
5.32
5.23
5.15
5.09
5.04
4.99
4.93
4.86
4.81
4.76
4.72
4.68
4.65
4.62
4.60
4.57
4.52
4.48
4.45
4.42
4.39
4.36
4.32
4.28
4.25
4.22
4.18
4.14
4.11
4.08
4.04
4.01
3.99
3.95
3.92
3.88
3.86
3.83
3.81
3.78
3.75
3.72
3.70
3.69
3.67
3.66
3.61
3.57
3.55
3.53
3.50
3.47
3.45
3.42
3.40
3.39
3.38
3.37
3.35
3.34
3.38
3.50
5.00
10.00
16.70
19.70
26.30
37.80
39.00
49.90
58.10
66.00
73.80
76.10
73.30
70.10
65.90
64.30
65.80
60.50
57.10
55.20
49.30
43.50
38.10
33.70
30.40
27.60
26.30
23.60
22.00
20.60
19.90
19.60
18.70
17.60
16.70
17.20
19.30
22.10
33.90
52.60
51.10
46.40
44.30
47.80
58.90
58.00
50.70
45.00
40.20
36.00
32.10
29.60
37.60
39.20
35.10
32.00
29.40
27.30
28.10
31.40
31.40
27.60
24.50
22.30
20.50
20.10
20.50
19.80
18.80
18.10
17.20
16.30
15.80
15.40
14.70
14.40
13.40
12.50
11.60
10.90
10.20
9.67
9.10
8.57
8.12
7.71
7.34
6.97
6.72
6.44
6.43
6.58
6.30
5.89
5.67
5.68
5.67
5.52
5.28
5.03
4.90
4.74
4.62
4.51
4.39
4.27
4.18
4.09
3.98
3.91
3.86
3.80
3.70
3.62
3.53
3.43
3.33
3.20
3.12
3.05
2.99
2.98
2.99
3.00
3.01
3.02
3.06
3.13
3.10
3.04
2.99
2.89
2.82
2.77
2.75
2.73
2.72
2.70
2.66
2.59
2.57
2.56
2.56
2.55
2.54
2.53
2.49
2.47
2.46
2.46
2.46
2.46
2.45
2.42
2.38
2.34
2.30
2.27
2.26
2.25
2.22
2.20
2.17
2.18
2.20
2.73
3.67
3.07
2.48
2.25
2.27
2.79
4.91
4.40
3.56
3.14
2.89
2.83
2.72
2.64
2.62
2.63
2.59
2.54
2.46
2.40
11.00
49.80
176.00
126.00
79.80
67.20
58.40
47.70
38.70
32.20
28.90
28.10
24.60
21.80
21.10
20.60
19.70
18.40
17.40
16.30
15.30
14.40
13.60
12.80
12.00
11.40
11.00
11.50
14.80
16.30
19.80
20.90
20.00
18.90
17.90
17.00
29.80
33.00
26.70
23.40
73.80
108.00
79.60
65.40
56.30
54.30
50.20
41.20
36.00
30.20
24.90
23.50
22.40
21.70
21.50
22.50
39.30
43.50
36.40
31.90
28.90
26.30
23.70
21.20
20.20
19.70
18.60
17.60
16.60
15.00
14.20
13.70
13.00
12.70
12.20
11.90
11.60
11.00
10.70
10.40
10.10
9.80
9.60
9.40
9.20
9.00
8.70
8.50
8.30
8.10
7.90
7.70
7.60
7.50
7.40
7.20
7.00
6.90
6.70
6.60
6.50
6.40
6.30
6.20
6.10
6.00
5.90
5.80
5.70
5.65
5.60
5.50
5.45
5.40
5.35
5.30
5.25
5.20
5.17
5.15
5.12
5.05
5.02
5.00
5.00
4.95
4.90
4.87
4.82
4.80
4.77
4.73
4.70
4.65
4.63
4.61
4.60
4.58
4.56
4.54
4.52
4.50
4.47
4.43
4.25
4.20
4.10
4.00
3.80
3.75
3.75
3.80
3.81
3.75
3.70
3.62
3.58
3.60
3.58
3.60
3.70
3.80
4.00
4.05
4.22
4.22
4.19
4.09
3.93
3.78
3.79
3.80
3.81
3.83
3.90
3.97
4.19
4.73
7.38
12.00
13.10
13.20
13.30
13.50
14.50
16.00
18.00
21.10
26.00
33.40
75.00
100.00
101.00
98.40
89.20
79.20
72.90
68.50
65.00
61.00
57.20
59.30
56.00
50.60
46.10
41.40
37.10
33.20
30.30
27.80
25.90
24.70
23.10
21.30
19.80
18.30
17.20
24.00
71.70
72.30
75.00
94.70
85.40
72.80
64.50
57.90
52.10
47.00
42.20
40.20
38.30
35.00
32.00
29.60
27.40
25.40
23.60
22.20
21.30
19.90
18.20
17.30
16.10
14.90
13.70
12.80
12.20
11.90
11.40
10.70
10.10
9.60
9.18
8.86
8.46
8.16
8.09
8.97
9.07
8.68
8.34
8.43
7.98
7.62
7.21
6.88
6.84
6.38
5.74
5.85
6.31
7.38
6.93
6.64
6.20
5.79
5.46
5.28
5.34
5.06
4.75
4.52
4.31
4.13
4.00
3.89
4.36
4.73
4.33
4.04
3.79
3.66
3.67
3.79
3.78
3.93
4.08
4.04
3.86
3.61
3.78
3.99
3.78
3.59
4.21
3.67
3.66
3.68
3.29
3.04
2.93
2.92
2.82
2.80
2.93
2.93
2.85
2.75
2.60
2.56
2.53
2.55
2.51
2.51
2.46
2.41
2.39
2.37
2.40
2.34
2.27
2.23
2.17
2.13
2.09
2.07
2.05
2.02
1.97
2.43
2.53
2.42
2.17
2.03
1.93
1.90
1.89
1.87
1.95
2.12
2.28
2.36
2.22
2.13
2.10
2.03
2.08
2.31
4.33
3.65
2.93
2.56
2.37
2.27
2.23
2.18
2.14
2.08
2.11
2.11
2.06
1.96
2.02
2.53
2.69
2.59
2.61
2.67
10.90
10.80
8.31
6.45
5.35
4.81
4.22
3.83
3.51
3.29
3.14
3.16
3.13
2.89
2.67
2.54
2.39
2.21
2.14
2.10
2.12
2.16
2.25
2.40
2.43
2.41
2.39
2.67
3.69
3.73
3.53
3.28
3.09
2.88
2.49
2.54
2.53
2.55
2.24
2.44
2.04
2.15
2.00
2.38
2.30
2.12
2.03
2.00
2.05
2.21
2.21
2.20
2.19
2.18
2.20
2.21
2.32
3.03
3.58
3.54
3.34
3.43
3.27
2.93
2.86
2.74
2.63
2.74
2.78
2.88
2.70
2.56
2.43
2.31
2.28
2.28
2.67
2.72
2.75
2.84
2.98
3.06
3.09
3.09
3.05
2.91
2.85
2.80
2.75
2.70
2.75
2.65
2.60
2.58
2.56
2.55
2.57
2.60
2.63
2.65
2.63
2.60
2.58
2.54
2.50
2.47
2.43
2.40
2.39
2.37
2.35
2.33
2.31
2.30
2.29
2.28
2.26
2.25
2.24
2.22
2.21
2.20
2.19
2.17
2.15
2.13
2.11
2.10
2.09
2.08
2.07
2.06
2.05
2.04
2.03
2.02
2.01
2.00
1.99
1.98
1.97
2.00
2.03
2.07
2.10
2.13
2.14
2.11
2.07
2.05
2.03
2.02
2.01
2.00
1.99
2.00
2.03
2.05
2.10
2.13
2.15
2.20
2.40
3.00
3.60
4.00
4.20
4.30
4.50
5.00
5.40
5.80
6.20
6.30
6.15
6.00
5.70
5.50
5.20
5.17
5.40
6.00
7.40
10.30
20.00
26.00
34.00
42.20
58.60
57.00
44.80
37.80
32.90
29.70
27.30
24.90
22.80
22.30
20.60
18.60
17.10
15.60
14.40
13.60
13.20
12.80
12.30
11.30
10.40
9.91
12.70
14.30
13.20
12.00
11.50
11.90
12.40
12.20
11.80
11.50
15.30
15.20
16.80
19.10
17.70
18.10
18.70
17.80
16.60
17.00
23.20
28.30
30.40
30.70
30.40
26.40
22.90
20.10
18.00
16.20
14.50
13.10
11.90
11.00
11.30
13.00
12.20
11.10
10.20
10.30
11.70
14.00
15.30
16.80
16.40
14.80
13.50
12.40
11.20
10.80
11.80
13.30
16.50
19.10
21.10
23.80
23.20
37.90
42.00
42.40
49.80
50.60
44.00
38.20
32.60
33.90
39.80
35.80
29.50
24.70
21.40
19.00
17.30
17.50
17.60
15.80
14.30
13.30
12.20
11.20
10.30
9.49
8.81
8.29
7.84
7.71
7.39
7.05
6.71
6.40
6.03
5.75
5.55
5.30
5.10
4.86
4.68
4.50
4.38
4.37
4.19
4.10
3.98
3.85
3.79
3.78
3.76
3.69
3.67
3.60
3.60
3.50
3.39
3.28
3.45
4.73
4.80
4.56
4.48
5.19
6.35
5.57
5.89
5.64
5.34
5.12
6.65
22.20
34.90
29.80
42.60
42.30
41.60
43.80
43.70
40.40
36.60
32.40
35.30
45.50
36.90
62.30
56.70
47.30
44.50
42.40
42.60
58.40
74.40
69.50
63.10
56.50
49.80
43.80
38.60
35.00
34.90
52.00
58.80
52.30
45.90
41.20
38.20
34.60
31.30
28.40
25.60
23.40
21.50
21.60
23.10
21.90
20.40
19.50
21.50
26.00
25.40
23.40
21.80
20.50
20.60
22.30
21.70
21.00
20.10
18.50
17.20
16.10
17.30
19.90
18.40
13.80
11.00
12.60
14.10
13.40
11.60
10.90
10.70
10.50
10.30
10.00
9.90
9.80
9.60
9.50
9.30
9.20
9.00
8.90
8.70
8.50
8.40
8.30
8.20
8.10
8.00
7.90
7.80
7.70
7.60
7.50
7.70
8.50
8.80
8.70
8.60
8.50
8.40
8.30
8.20
8.15
8.20
8.10
7.80
7.60
7.65
7.60
7.55
7.40
7.25
7.00
6.80
6.75
6.70
6.60
6.55
6.50
6.40
6.30
6.15
5.90
5.80
5.70
5.60
5.55
5.70
5.85
6.00
6.20
6.10
6.05
6.04
6.03
6.02
6.00
5.99
5.98
5.97
5.95
5.90
5.85
5.80
5.75
5.65
5.60
5.55
5.57
5.60
5.50
5.60
5.55
5.50
5.40
5.35
5.30
5.35
5.40
5.30
5.20
5.20
5.15
5.10
5.05
5.00
4.90
4.85
4.80
4.80
4.75
4.70
4.65
4.60
4.60
4.55
4.55
4.50
4.45
4.45
4.40
4.40
4.35
4.35
4.30
4.25
4.25
4.20
4.20
4.25
4.30
4.30
4.25
4.20
4.20
4.20
4.20
4.25
4.30
4.35
4.40
4.35
4.35
4.40
4.45
4.60
4.80
5.60
7.00
12.00
24.00
36.00
54.00
75.00
119.00
132.00
118.00
124.00
143.00
124.00
94.10
79.30
68.90
60.20
53.60
71.90
82.50
69.50
60.40
58.00
59.80
54.10
49.10
46.00
48.00
45.50
45.10
44.40
41.30
39.50
37.50
35.10
32.80
30.70
29.30
27.60
26.20
24.90
26.10
28.50
27.40
25.80
24.70
26.70
27.30
25.90
24.30
22.70
25.60
29.20
37.30
34.20
40.30
53.90
50.30
48.60
86.50
76.50
62.10
56.40
52.50
49.80
46.30
44.50
41.30
39.10
40.00
39.20
47.10
49.00
45.00
117.00
262.00
269.00
221.00
204.00
170.00
133.00
107.00
90.90
79.00
69.60
61.50
54.50
48.50
46.50
43.20
39.00
35.00
31.80
29.10
27.40
27.60
26.30
29.30
26.90
24.70
22.90
21.30
20.20
19.30
18.30
17.40
17.10
16.90
16.30
15.70
14.80
14.00
13.60
13.10
12.50
12.00
11.70
11.30
10.80
10.40
10.10
9.98
9.59
9.22
8.98
8.82
8.65
8.26
7.89
7.67
7.74
7.73
7.38
7.06
6.80
6.71
6.76
6.65
6.62
6.51
6.32
6.09
5.93
5.78
5.64
5.52
5.42
5.31
5.16
5.30
6.51
6.76
6.65
6.50
6.17
5.89
5.63
5.53
5.44
5.35
5.26
5.14
5.07
4.97
4.92
7.29
12.80
13.30
23.20
26.50
24.60
21.30
18.60
16.50
14.80
13.40
12.70
12.70
12.20
11.60
11.20
10.90
10.80
10.60
10.20
9.78
9.37
9.15
9.31
9.59
9.45
9.15
8.94
9.55
13.00
12.20
11.60
11.30
11.00
10.80
10.40
10.00
9.80
9.63
9.45
10.30
13.70
17.60
18.00
17.50
16.80
16.10
16.80
22.00
20.50
18.50
16.80
16.30
14.50
12.90
11.30
10.40
10.30
10.60
10.90
10.50
10.00
9.60
9.30
8.80
8.60
8.25
8.00
7.85
7.65
7.50
7.35
7.20
7.00
6.80
6.70
6.60
6.50
6.40
6.30
6.25
6.20
6.10
6.00
5.90
5.80
5.77
5.75
5.72
5.70
5.75
5.80
5.82
5.84
5.70
5.60
5.50
5.40
5.38
5.35
5.30
5.20
5.20
5.17
5.13
5.10
5.05
5.02
4.99
4.95
4.90
4.85
4.82
4.80
4.70
4.67
4.65
4.63
4.60
4.55
4.50
4.45
4.41
4.40
4.35
4.25
4.22
4.20
4.15
4.10
4.05
4.00
3.95
3.90
3.85
3.80
3.75
3.70
3.67
3.65
3.63
3.60
3.65
3.80
3.81
3.81
3.80
3.70
3.65
3.60
3.57
3.53
3.50
3.48
3.46
3.43
3.41
3.40
3.35
3.30
3.26
3.22
3.20
3.18
3.20
3.30
3.29
3.25
3.20
3.17
3.15
3.09
3.05
3.03
3.00
2.99
2.97
2.98
3.10
3.60
4.80
5.50
5.30
4.80
4.40
4.10
3.90
3.80
3.90
4.00
4.05
4.10
4.05
4.03
4.01
4.00
4.10
4.40
5.00
6.50
8.50
14.00
25.00
38.00
46.00
52.00
61.00
65.00
66.30
70.70
98.50
94.40
98.60
102.00
90.10
84.40
88.10
81.20
70.10
62.90
58.50
55.90
55.50
58.10
52.20
47.30
43.50
40.00
41.60
56.50
49.60
68.50
64.10
54.10
47.80
43.60
41.50
41.60
38.90
36.10
33.20
30.70
29.50
28.20
26.20
24.10
22.20
20.80
19.80
18.60
17.50
18.20
18.90
17.50
16.10
15.50
15.00
14.20
13.50
12.80
12.30
11.70
11.20
10.70
10.30
10.00
10.20
10.80
10.40
9.91
9.44
9.11
8.92
8.67
8.54
8.33
8.30
8.89
9.13
8.75
8.20
7.79
9.08
10.20
9.79
9.09
8.98
10.40
9.87
8.91
8.04
7.63
7.41
7.20
7.11
6.89
6.52
6.17
5.89
5.74
5.87
6.85
10.80
15.00
12.30
22.60
39.40
32.80
29.20
30.20
27.40
24.20
21.70
19.30
16.90
14.90
13.60
13.20
12.90
11.70
10.60
9.75
10.50
13.00
12.10
11.70
11.00
10.40
39.40
48.40
37.60
30.60
28.70
26.80
23.20
28.60
77.60
66.80
50.90
41.00
34.00
28.60
24.20
20.90
18.40
16.40
14.80
13.40
12.30
11.40
10.80
10.50
9.96
9.38
8.86
8.38
8.03
7.67
7.36
7.14
7.10
7.08
6.92
6.64
6.40
6.23
6.76
6.99
6.73
6.36
5.96
5.84
5.92
6.21
6.25
6.11
5.89
5.67
5.45
5.42
5.47
5.50
5.40
5.23
5.05
4.93
4.85
4.83
4.78
4.72
4.69
4.64
4.72
4.92
5.01
4.97
5.03
5.15
8.57
25.00
21.50
19.70
18.70
16.50
16.70
15.60
14.10
13.00
12.20
11.70
11.00
10.50
10.40
26.00
37.10
32.50
27.50
24.30
21.90
20.00
18.30
16.70
15.80
15.20
14.90
15.80
16.20
15.50
14.80
14.10
13.40
12.60
10.50
9.20
8.35
7.70
7.30
7.10
6.85
6.70
6.50
6.40
6.30
6.15
6.00
5.85
5.75
5.65
5.55
5.45
5.35
5.25
5.10
5.05
5.00
5.10
5.20
5.25
5.30
5.22
5.20